4
1
4
2
-0.4393582235608832 -0.5484431894961042
0.009944379558907394 0.1470499213365606
0.03771663625007822 0.06343195960843423
0.2248599865811179 -0.09110160342077092
-0.8467596106319363 -0.2136635915150729
-0.6131607004909737 -0.04197854818312595
-0.9519233580007713 -1.431793182139704 0.4131121051823338 0.9742710256268038
-0.026370538399249903 1.4241558559304595 0.4988673134484719 1.6401828192008456
0.436998439490892 1.1793740109014852 -0.9774448375602308 -1.2150732870160197
0.8595580455403522 -1.4745475736320617 -0.587618737685538 -1.4471591976035059
0.3205570110729289 0.27318703467425465
1.2531489931217754 -1.1681743088090617
-0.825767270057215 -0.21068178335463011
-1.107839010186986 -0.7801158520279783

