7
1
4
2
0.1852413078667705 -0.22435310873298536
-0.4838258284515751 0.017762348776267298
0.4766709050214242 0.4015128065984434
0.2813085317167502 0.22282197071882553
0.8364098587402973 -0.24013281546205217
0.005799321893831927 -0.2571409317429112
-1.0313818961083174 -0.2689990841078489 0.652551397671472 -1.2904295089486284
1.9477735115792314 1.3175329254723858 -0.8232683046042527 -0.7906631420749927
1.3037837233211804 -1.2049139398740694 0.8515298908538417 1.1195108074333728
-2.032038308028153 -1.2457063340112784 0.14012701725368604 0.8483592621304137
0.25102207227936585 -0.8089853438164162 0.15940110127275814 -0.18765593536978703
-0.07946149329502102 0.453387203922988 -0.13001601603133459 0.05151211396460836
-0.014176286272406025 0.13367581124443556 -1.6361552547229343 -0.4675234395218844
1.0086209032787046 -1.139495608723164
-0.7056620262782998 -0.5571322005154586
-0.49653913565819785 -0.06366625650582473
1.9662173289450946 0.824415755495459
