7
1
4
2
0.44617057886483 -0.23439071458941915
-0.5064626405316176 0.13824627108539433
0.5207407286277603 0.10009118508900061
0.1821871964721146 0.22282197071882553
0.7819525410092263 -0.28793452175958534
-0.5740216631410971 -0.2571409317429112
-1.042202236621342 -0.1483490620845103 0.790130707067749 -1.2904295089486284
2.0938964085118212 1.1196512389811204 -0.7289626316984225 -0.8075971670057381
1.415138453628061 -1.0400585606609414 0.94498639874695 1.1195108074333728
-1.8295109241567358 -1.1124675980426812 0.055182085358839394 1.1188297449217721
0.22238805791582061 -0.8259884867890834 0.07278190830900919 -0.12365447325555395
-0.04698165330958465 0.382567024608323 -0.210989800593218 -0.111820215810928
-0.3172724439802338 -0.23626230412546154 -1.6835318958633145 -0.3146849059779323
1.1227706765434158 -0.9918062121607205
-0.4635224219666324 -0.5886939432263022
-0.45518986565981356 -0.03248952902008642
1.7259964272196329 0.5031782831992924
