7
1
4
2
0.30291070171451495 -0.22435310873298536
-0.3678523414283966 0.017762348776267298
0.14706158772103514 0.20859555462549087
0.12249899207247629 0.22282197071882553
0.7318594472859834 -0.24013281546205217
-0.5584096825187846 -0.2571409317429112
-1.0313818961083174 -0.2689990841078489 0.652551397671472 -1.2904295089486284
1.9477735115792314 1.3175329254723858 -0.7289626316984225 -0.7906631420749927
1.3037837233211804 -1.2049139398740694 0.8515298908538417 1.1195108074333728
-1.8295109241567358 -1.2457063340112784 -0.016708927530737855 0.8483592621304137
0.25102207227936585 -0.8089853438164162 0.07278190830900919 -0.18765593536978703
-0.07946149329502102 0.453387203922988 -0.13001601603133459 0.05151211396460836
-0.014176286272406025 0.13367581124443556 -1.6522204844681685 -0.4836347544523153
1.0086209032787046 -1.139495608723164
-0.7056620262782998 -0.5571322005154586
-0.49653913565819785 -0.06366625650582473
1.750325139421935 0.7466769860044311
