7
1
4
2
0.15612104277644792 -0.13279999523059643
-0.5869954464073621 -0.031403274603398965
0.4531826201682132 0.1064228257823516
0.39353312407458946 0.22282197071882553
0.8489263570995832 -0.3613485906781023
0.209590567452483 -0.3079301165196431
-1.07193441738855 -0.28371377759212996 0.6462228494043959 -1.1406690024378279
2.0417526294081787 1.3043181735981233 -0.5043209614375398 -0.8408863739831615
1.1694428142788196 -1.0416707067117286 0.7602160275553235 1.060286078672091
-1.8295109241567358 -1.1053153614875573 -0.18126311015008792 1.0029993342213481
0.21053185282859926 -1.0458560201087215 -0.07692045681074834 -0.18765593536978703
0.010940776005968336 0.36744498262672814 -0.06312805276050386 0.09229816678317511
-0.3565605880835087 0.033619638394538326 -1.5239025904549868 -0.2828705139022529
0.9093034261026138 -1.1184304917554224
-0.4791771851866553 -0.5395102128352265
-0.32469376020274576 -0.06366625650582473
1.8077415522545273 0.7650552576887655
