7
1
4
2
0.03680387870128 -0.21890399742146235
-0.5063033784530919 -0.031403274603398965
0.5079268039047473 0.10009118508900061
-0.042715260983123046 0.22282197071882553
-0.3857092680072976 -0.3020446249769109
-0.1222455647133438 -0.2720425604370944
-1.0313818961083174 -0.28371377759212996 0.5537134323750861 -1.4556437816322638
2.0431723683786025 1.199980094897442 -0.4929410263329199 -0.8396361802008026
1.415138453628061 -0.8537771584764431 0.9648778405854109 1.3513479591468747
-1.9442402963625045 -1.1124675980426812 -0.016708927530737855 1.1188297449217721
0.22238805791582061 -0.6582127756891936 0.06350927803763742 -0.18765593536978703
-0.28422962349217307 0.45968107290035015 -0.13001601603133459 0.09229816678317511
-0.3961363561530085 -0.23626230412546154 -1.6835318958633145 -0.2679485254971364
1.0191017050662212 -0.9830645715072874
-0.6624430495425235 -0.5959915996178528
-0.38870883222722 -0.03248952902008642
1.7979185042805912 0.9003134144279237
