7
1
4
2
0.2653132754834337 -0.22435310873298536
-0.4573732717371716 0.053578114589368224
0.49487823327464836 0.45783450340668685
-0.11003954136729728 0.22282197071882553
0.12407923089687546 -0.10827372509234787
-0.5925494073410058 -0.2571409317429112
-1.1031417935183803 -0.2689990841078489 0.6565490417875961 -1.2713484120379186
2.0417526294081787 1.2671891944626816 -0.8928870758979799 -0.9810990958159878
1.3037837233211804 -1.2049139398740694 0.8515298908538417 1.1195108074333728
-1.7979151559887427 -1.2195776054364196 0.004403385433521815 0.8483592621304137
0.22238805791582061 -0.64808855688122 -0.11802414559134194 -0.18765593536978703
-0.09093695857832962 0.3173272073725311 -0.13725556947752882 -0.05421400472839054
-0.08254087504887928 0.13367581124443556 -1.5064632925058667 -0.2764696685476184
1.0076907784300568 -0.9830645715072874
-0.6624430495425235 -0.6847151222107806
-0.42736090541037597 -0.06366625650582473
1.7103959119494938 0.9496156518862795
