7
1
4
2
-0.4146406156808604 -0.0918776744977362
-0.4620200460190134 0.017762348776267298
0.35412797357695097 0.20859555462549087
-0.25920724682331914 0.3209088720479367
-0.9745535713061707 -0.3828629104787657
0.2716908940500976 -0.2571409317429112
-1.110290490692929 -0.20737327335314135 0.6462228494043959 -1.3894230913834837
2.0417526294081787 1.491956432688207 -0.7289626316984225 -0.8408863739831615
1.2015559570767096 -1.2049139398740694 0.8515298908538417 1.2074998180589722
-1.9103021193548226 -1.2457063340112784 -0.016708927530737855 0.8483592621304137
0.22238805791582061 -0.8266808418035658 0.04605367002879113 -0.22916859878514523
-0.049035371463728036 0.382567024608323 -0.35973302582934485 0.09229816678317511
-0.14997114165465542 0.006903881710209808 -1.6835318958633145 -0.4447075036661559
1.0086209032787046 -0.9830645715072874
-0.6624430495425235 -0.47199283950308196
-0.45518986565981356 -0.1293229059896946
1.6653429149592878 0.7075673091172854
