7
1
4
2
-0.187583342624036 -0.244043330157807
-0.48929723787251606 0.16971091922649167
0.29345651003183076 0.4752339710900231
0.4233359581943699 0.3226601329137907
0.7350845283808298 -0.3422474632527868
0.5311467938258533 -0.3529834440966717
-0.8708561724184798 -0.5504457564610209 0.9725456332344248 -1.182308924150015
1.6447455304613845 1.071474284695607 -1.0747341375675175 -0.7809528311266904
0.7773872877300001 -1.2952965580540274 0.33393663467276635 1.1977931685611298
-1.4454826897511177 -0.553525276190404 -0.21031948946083776 0.6629045960148263
0.10866905335472364 -0.5987395514201761 -0.08873742788858946 0.023324289505485665
0.10140904474531195 -0.41859150982480164 -0.6448519823343178 -0.10085125876164998
-0.04802834870762547 -0.11484973886871806 -1.2776296708088097 0.17053044241443943
0.6341473759708547 -1.168281321854094
-0.10596845623682274 -0.3216250705510462
-0.2090404983626717 -0.30351194847938157
2.2217515530505647 0.8536984789207056
